[ 20  20  20  20  20  20  20  20  20  20  20  20  20  20  20  20  20  20
  19  20  20  20  20  20  20  20  20  19  20  20  20  20  20  20  20  20
  20  20  20  20 112  21  21  21  21  22  22  22  23  23  24  24  24  28
  28  29  29  30  30  31  31  31  32  32  31  31  31  31  31  31  32  32
  32  32  32  32  33  33  33  33  33  33  33  33  33  34  34  33  33  33
  33  33  33  33  33  33  33  33  33  33  33  33  33  33  33  33  33  33
  33  33  33  33  33  33  33  33  33  33  33  33  33  33  33  33  33  33
  33  33  33  33  32  32  32  32  32  32  32  32  32  32  32  32  32  32
  32  32  32  32  31  31  31  31  31  31  34  34  34  34  34  34  34  34
  34  34  35  35  35  35  35  35  34  34  34  29  28  28  27  22  22  23
  20  20  20  20  20  20  20  20  21  22  22  22  27  28  22  22  22  32
  33  30  31  32  32  36  33  37  37  38  39  40  40  41  41  41  41  41
  41  41  41  41  38  38  39  39  39]
[20, 20, 20, 20, 20, 20, 20, 20, 20, 20, 20, 20, 20, 20, 20, 20, 20, 20, 19, 20, 20, 20, 20, 20, 20, 20, 20, 19, 20, 20, 20, 20, 20, 20, 20, 20, 20, 20, 20, 20, 21, 21, 21, 21, 21, 22, 22, 22, 23, 23, 24, 24, 24, 28, 28, 29, 29, 30, 30, 31, 31, 31, 32, 32, 31, 31, 31, 31, 31, 31, 32, 32, 32, 32, 32, 32, 33, 33, 33, 33, 33, 33, 33, 33, 33, 34, 34, 33, 33, 33, 33, 33, 33, 33, 33, 33, 33, 33, 33, 33, 33, 33, 33, 33, 33, 33, 33, 33, 33, 33, 33, 33, 33, 33, 33, 33, 33, 33, 33, 33, 33, 33, 33, 33, 33, 33, 33, 33, 33, 33, 32, 32, 32, 32, 32, 32, 32, 32, 32, 32, 32, 32, 32, 32, 32, 32, 32, 32, 31, 31, 31, 31, 31, 31, 34, 34, 34, 34, 34, 34, 34, 34, 34, 34, 35, 35, 35, 35, 35, 35, 34, 34, 34, 29, 28, 28, 27, 22, 22, 23, 20, 20, 20, 20, 20, 20, 20, 20, 21, 22, 22, 22, 27, 28, 22, 22, 28, 32, 33, 30, 31, 32, 32, 36, 33, 37, 37, 38, 39, 40, 40, 41, 41, 41, 41, 41, 41, 41, 41, 41, 38, 38, 39, 39, 39]
[20, 20, 20, 20, 20, 20, 20, 20, 20, 20, 20, 20, 20, 20, 20, 20, 20, 20, 19, 20, 20, 20, 20, 20, 20, 20, 20, 19, 20, 20, 20, 20, 20, 20, 20, 20, 20, 20, 20, 20, 21, 21, 21, 21, 21, 22, 22, 22, 23, 23, 24, 24, 24, 28, 28, 29, 29, 30, 30, 31, 31, 31, 32, 32, 31, 31, 31, 31, 31, 31, 32, 32, 32, 32, 32, 32, 33, 33, 33, 33, 33, 33, 33, 33, 33, 34, 34, 33, 33, 33, 33, 33, 33, 33, 33, 33, 33, 33, 33, 33, 33, 33, 33, 33, 33, 33, 33, 33, 33, 33, 33, 33, 33, 33, 33, 33, 33, 33, 33, 33, 33, 33, 33, 33, 33, 33, 33, 33, 33, 33, 32, 32, 32, 32, 32, 32, 32, 32, 32, 32, 32, 32, 32, 32, 32, 32, 32, 32, 31, 31, 31, 31, 31, 31, 34, 34, 34, 34, 34, 34, 34, 34, 34, 34, 35, 35, 35, 35, 35, 35, 34, 34, 34, 29, 28, 28, 27, 22, 22, 23, 20, 20, 20, 20, 20, 20, 20, 20, 21, 22, 22, 22, 27, 28, 22, 22, 28, 32, 33, 30, 31, 32, 32, 36, 33, 37, 37, 38, 39, 40, 40, 41, 41, 41, 41, 41, 41, 41, 41, 41, 38, 38, 39, 39, 39]
[ 98  98  98  98  98  99 100 100 100  99  99  98  97  97  96  96  96  97
  98  76 101 105 105 106 108 108 109 111 112 113 113 113 111 111 111 112
 112 113 113 112 112 112 112 113 113 112 112 114 114 116 119 120 121 134
 135 133 135 135 154 134 134 134 135 159 137 138 173 171 171 171 172 173
 172  51  51 132 133 133 136 148 140 142 142 144 145 144 143 143 142 143
  87 137 137 137 136 134 131 130  48 124 124 142 132 132 136 135  92  93
  93  95  95 108 108  95  95  94  80  99  99  94  95  98  89  89  86  84
 156  71  71  71  71 131 131  67  57  57  56  53  53  55  55  53  53  53
  53  54  83  83  83  95  95 148  48  48  48  55  50  57  65  70  83  83
  84 129  58 172  51  52  52  51  51 108 108  49  50 105  97  51 173  51
 107 106 153 153 108 109 109 150 144 102 102 102 166 166 116  52 135 134
  48  48  48  50  50  99  99  51  48  48  48  92  93  94  95  58  97  60
  61  66  63  63  64  64  48  48  49]
[98, 98, 98, 98, 98, 99, 100, 100, 100, 99, 99, 98, 97, 97, 96, 96, 96, 97, 98, 98, 101, 105, 105, 106, 108, 108, 109, 111, 112, 113, 113, 113, 111, 111, 111, 112, 112, 113, 113, 112, 112, 112, 112, 113, 113, 112, 112, 114, 114, 116, 119, 120, 121, 126, 130, 133, 135, 135, 135, 134, 134, 134, 135, 135, 137, 138, 137, 132, 130, 130, 126, 127, 128, 133, 132, 132, 133, 133, 136, 137, 140, 142, 142, 144, 145, 144, 143, 143, 142, 143, 137, 137, 137, 137, 136, 134, 131, 130, 130, 124, 124, 125, 132, 127, 121, 114, 107, 100, 93, 95, 95, 101, 96, 95, 95, 94, 98, 99, 99, 94, 95, 95, 89, 89, 86, 84, 83, 77, 71, 71, 71, 71, 67, 63, 57, 57, 56, 53, 53, 55, 55, 53, 53, 53, 53, 54, 57, 60, 60, 60, 62, 59, 54, 47, 47, 46, 50, 57, 64, 70, 66, 59, 59, 58, 58, 51, 51, 52, 46, 47, 47, 47, 46, 49, 50, 50, 51, 51, 51, 51, 51, 51, 51, 51, 51, 50, 50, 51, 52, 52, 52, 51, 51, 57, 59, 52, 47, 47, 48, 48, 48, 50, 50, 51, 50, 51, 48, 48, 48, 49, 46, 48, 55, 58, 59, 60, 61, 66, 63, 63, 64, 64, 58, 51, 49]
[98, 98, 98, 98, 98, 99, 100, 100, 100, 99, 99, 98, 97, 97, 96, 96, 96, 97, 98, 98, 101, 105, 105, 106, 108, 108, 109, 111, 112, 113, 113, 113, 111, 111, 111, 112, 112, 113, 113, 112, 112, 112, 112, 113, 113, 112, 112, 114, 114, 116, 119, 120, 121, 126, 130, 133, 135, 135, 135, 134, 134, 134, 135, 135, 137, 138, 137, 132, 130, 130, 126, 127, 128, 133, 132, 132, 133, 133, 136, 137, 140, 142, 142, 144, 145, 144, 143, 143, 142, 143, 137, 137, 137, 137, 136, 134, 131, 130, 130, 124, 124, 125, 132, 127, 121, 114, 107, 100, 93, 95, 95, 101, 96, 95, 95, 94, 87, 82, 87, 94, 95, 95, 89, 89, 86, 84, 83, 77, 71, 71, 71, 71, 67, 63, 57, 57, 56, 53, 53, 55, 55, 53, 53, 53, 53, 54, 57, 60, 60, 60, 62, 59, 54, 47, 47, 46, 50, 57, 64, 70, 66, 59, 59, 58, 58, 51, 51, 52, 46, 47, 47, 47, 46, 49, 50, 50, 51, 51, 51, 51, 51, 51, 51, 51, 51, 50, 50, 51, 52, 52, 52, 51, 51, 57, 59, 52, 47, 47, 48, 48, 48, 50, 50, 51, 50, 51, 48, 48, 48, 49, 46, 48, 55, 58, 59, 60, 61, 66, 63, 63, 64, 64, 58, 51, 49]
